-7030
-7155
-7420
-7517
-7732
-7807
-7860
-7883
-7799
-7821
-7721
-7633
-7645
-7561
-7604
-7596
-7487
-7476
-7263
-7165
-6871
-6615
-6333
-5899
-5685
-5207
-4913
-4553
-4179
-3924
-3580
-3407
-3157
-2918
-2824
-2568
-2461
-2271
-2055
-1907
-1695
-1550
-1383
-1235
-1229
-1106
-1175
-1151
-1079
-1195
-1063
-1123
-1013
-989
-930
-787
-771
-555
-451
-261
-8
104
411
539
801
987
1165
1445
1589
1799
2043
2193
2463
2587
2803
2995
3180
3456
3584
3889
4077
4271
4569
4649
4830
4841
4889
4944
4875
4943
4826
4913
4989
4935
5076
5013
5097
5107
5109
5154
5053
5062
4989
4907
4903
4725
4703
4605
4561
4561
4447
4511
4387
4389
4353
4179
4166
3991
3897
3802
3639
3645
3485
3509
3457
3390
3457
3368
3424
3414
3361
3405
3299
3322
3224
3161
3146
2989
2953
2841
2699
2666
2437
2351
2092
1889
1711
1377
1241
860
683
484
211
91
-199
-311
-554
-725
-861
-1098
-1177
-1384
-1527
-1594
-1825
-1881
-2021
-2103
-2173
-2291
-2307
-2405
-2490
-2488
-2651
-2657
-2774
-2871
-2877
-3063
-3067
-3229
-3269
-3267
-3446
-3405
-3536
-3563
-3551
-3621
-3636
-3659
-3685
-3617
-3695
-3628
-3639
-3646
-3523
-3631
-3495
-3486
-3427
-3277
-3293
-3143
-3158
-3031
-2907
-2883
-2763
-2685
-2603
-2449
-2456
-2342
-2257
-2177
-2027
-2033
-1868
-1829
-1737
-1547
-1578
-1381
-1340
-1227
-1107
-1093
-953
-998
-883
-819
-855
-725
-797
-705
-689
-657
-568
-555
-403
-394
-250
-157
-49
97
183
262
459
505
684
776
890
1098
1099
1347
1421
1563
1761
1813
2047
2095
2245
2374
2433
2627
2613
2753
2821
2871
3000
3033
3037
3210
3145
3275
3295
3339
3442
3354
3482
3421
3471
3512
3469
3551
3494
3605
3558
3585
3685
3657
3691
3797
3737
3833
3809
3829
3918
3867
3976
3889
3975
4011
3937
4087
3981
4057
4041
4029
4093
3975
4015
3931
3925
3945
3841
3840
3802
3704
3701
3565
3513
3437
3281
3263
3059
3011
2885
2719
2733
2537
2513
2398
2342
2341
2185
2235
2041
2040
2015
1863
1881
1708
1716
1639
1579
1553
1408
1382
1282
1175
1155
961
895
755
657
597
417
407
235
184
161
-12
25
-93
-138
-197
-306
-291
-473
-451
-577
-631
-613
-757
-717
-789
-803
-785
-867
-799
-887
-881
-881
-963
-901
-1011
-1019
-994
-1044
-970
-1059
-995
-998
-1021
-906
-1049
-966
-1029
-1051
-1017
-1145
-1085
-1203
-1149
-1151
-1187
-1092
-1131
-1067
-1009
-1036
-953
-971
-889
-855
-828
-723
-753
-644
-589
-556
-383
-383
-243
-197
-101
61
23
189
241
316
450
473
619
693
803
927
1000
1149
1285
1345
1511
1517
1651
1759
1749
1941
1929
2069
2092
2173
2287
2291
2433
2493
2543
2669
2655
2781
2835
2886
2955
2996
3115
3159
3213
3341
3319
3449
3477
3517
3667
3649
3803
3795
3919
4059
4057
4279
4269
4389
4443
4427
4514
4359
4357
4189
4093
4040
3829
3785
3604
3539
3482
3370
3375
3307
3323
3365
3333
3469
3419
3483
3517
3493
3556
3398
3421
3299
3230
3224
3017
3093
2995
3007
3071
3059
3205
3132
3277
3284
3291
3349
3233
3215
3077
2967
2879
2655
2575
2358
2239
2166
1973
1972
1807
1741
1697
1621
1647
1549
1578
1573
1536
1661
1541
1643
1638
1632
1669
1565
1601
1403
1373
1284
1092
1021
835
703
667
512
461
425
401
471
365
433
343
272
262
9
-25
-277
-409
-561
-771
-797
-1031
-1035
-1025
-1082
-957
-990
-845
-811
-733
-643
-659
-572
-640
-636
-621
-731
-744
-827
-881
-865
-980
-983
-1008
-1061
-993
-1151
-1043
-1089
-1089
-1011
-1093
-988
-1058
-997
-959
-972
-864
-929
-860
-812
-817
-743
-753
-712
-653
-639
-550
-560
-469
-415
-405
-255
-261
-145
-61
15
190
169
370
340
455
540
457
521
411
411
375
253
251
141
133
141
113
189
198
296
445
536
751
805
959
1041
1119
1293
1211
1367
1373
1409
1549
1496
1646
1659
1793
1917
2019
2185
2299
2425
2611
2642
2765
2806
2867
2935
2853
2917
2807
2785
2794
2605
2675
2511
2487
2392
2331
2357
2225
2285
2248
2262
2359
2321
2444
2553
2587
2757
2785
2937
3023
3067
3173
3152
3199
3201
3131
3192
3045
3077
2979
2925
2945
2787
2841
2643
2624
2531
2349
2305
2059
2005
1815
1694
1659
1469
1439
1347
1280
1312
1227
1203
1213
1135
1159
1093
1065
1096
951
1055
916
971
951
879
943
796
833
735
665
626
445
371
245
100
75
-112
-169
-255
-299
-271
-371
-309
-369
-348
-262
-343
-231
-287
-276
-241
-319
-221
-359
-291
-335
-397
-349
-486
-441
-527
-563
-585
-660
-658
-659
-755
-709
-777
-806
-767
-896
-806
-902
-851
-847
-859
-757
-815
-655
-589
-509
-341
-291
-109
1
119
266
315
500
515
631
752
725
856
833
867
921
879
963
863
921
933
867
1009
938
1045
1091
1157
1289
1313
1519
1536
1689
1847
1870
2029
2061
2163
2275
2288
2395
2406
2509
2605
2593
2733
2692
2751
2837
2811
2886
2850
2863
2909
2849
2916
2819
2845
2911
2807
2887
2795
2839
2827
2761
2801
2723
2726
2718
2629
2711
2563
2560
2523
2479
2512
2389
2446
2383
2403
2465
2350
2483
2432
2462
2515
2481
2601
2495
2603
2565
2555
2633
2522
2569
2520
2490
2492
2410
2413
2401
2297
2349
2238
2227
2261
2123
2177
2093
2124
2179
2175
2233
2230
2269
2267
2316
2328
2369
2389
2417
2413
2433
2451
2429
2487
2451
2341
2306
2105
2139
1900
1909
1839
1699
1711
1523
1509
1401
1303
1272
1113
1089
959
865
852
681
621
546
439
409
262
211
118
26
27
-171
-175
-233
-344
-325
-467
-447
-531
-527
-501
-595
-542
-590
-594
-527
-623
-596
-625
-623
-605
-699
-647
-743
-761
-717
-893
-785
-923
-915
-965
-995
-953
-1081
-1039
-1105
-1130
-1122
-1228
-1207
-1266
-1302
-1265
-1367
-1293
-1367
-1353
-1307
-1382
-1297
-1397
-1353
-1293
-1321
-1233
-1313
-1233
-1205
-1227
-1067
-1152
-1019
-993
-931
-787
-805
-667
-641
-535
-375
-393
-223
-218
-122
3
6
119
130
239
335
337
475
464
577
655
663
806
815
890
993
953
1108
1018
1145
1241
1211
1359
1315
1415
1483
1512
1597
1637
1699
1808
1769
1889
1894
1929
2029
1979
2125
2076
2141
2231
2181
2305
2211
2298
2331
2289
2384
2300
2335
2346
2311
2309
2339
2309
2369
2265
2349
2280
2255
2327
2179
2249
2155
2177
2127
2101
2134
2005
2085
2043
1995
2067
1945
2017
1922
1936
1927
1844
1872
1786
1759
1743
1641
1609
1581
1455
1498
1319
1333
1226
1147
1157
942
987
838
793
747
628
629
490
457
406
320
313
227
181
199
60
106
13
-25
12
-101
-65
-155
-160
-129
-276
-179
-323
-289
-335
-371
-353
-467
-415
-502
-519
-466
-580
-547
-615
-635
-613
-705
-707
-729
-773
-737
-835
-806
-837
-913
-835
-937
-917
-935
-1003
-909
-1051
-977
-1062
-1045
-978
-1063
-977
-1062
-985
-979
-984
-929
-969
-919
-879
-903
-819
-844
-844
-741
-768
-693
-675
-653
-555
-591
-486
-517
-432
-331
-395
-269
-327
-243
-195
-188
-115
-127
-67
14
11
119
109
161
265
257
355
375
401
519
423
579
504
589
671
605
705
667
755
797
788
864
815
895
925
897
1023
934
987
1010
1013
1139
1058
1133
1115
1149
1249
1153
1264
1253
1297
1373
1331
1453
1379
1463
1515
1483
1591
1525
1589
1612
1590
1639
1589
1675
1617
1657
1712
1639
1720
1685
1649
1741
1636
1684
1645
1613
1641
1523
1569
1523
1467
1523
1395
1415
1347
1318
1313
1197
1256
1119
1147
1137
1083
1125
1064
1051
1108
1098
1151
1117
1172
1229
1167
1282
1246
1276
1351
1297
1367
1339
1360
1403
1334
1421
1336
1363
1386
1305
1361
1243
1233
1191
1165
1173
1072
1085
1035
953
1035
887
965
889
890
909
853
909
829
853
904
815
901
833
830
891
803
859
823
849
893
813
895
824
835
887
804
887
790
827
797
757
825
654
741
695
661
685
589
637
542
553
521
431
491
347
343
337
241
233
155
145
147
77
137
23
69
46
-18
85
-1
45
3
-5
77
-17
91
-5
45
127
45
149
77
152
141
131
199
129
186
189
160
271
170
222
244
248
328
263
345
295
331
416
299
424
361
413
465
429
539
455
544
583
545
643
593
641
655
652
713
676
739
751
728
803
768
789
885
753
905
843
880
946
864
983
878
960
969
941
1023
959
1005
1009
1007
1047
983
1051
1035
1007
1083
1002
1053
1035
983
1102
992
1064
989
1013
1083
931
1061
949
989
1001
941
989
903
936
919
879
909
864
849
871
797
803
806
693
797
673
703
673
629
707
557
635
557
547
605
483
553
473
483
486
409
478
373
397
410
354
381
359
287
380
260
345
289
293
337
256
331
285
281
353
263
341
299
315
353
281
369
308
325
361
305
377
308
301
357
296
383
279
331
335
271
387
249
336
290
293
378
262
363
273
315
371
301
394
291
365
340
342
386
337
343
418
345
418
365
363
433
323
432
335
367
399
346
433
315
393
397
361
449
349
433
389
406
439
396
463
413
443
481
429
481
459
461
540
456
565
468
525
568
475
600
523
545
567
534
593
525
566
593
539
618
565
592
641
543
629
555
597
621
565
649
554
624
573
555
665
562
635
607
614
697
591
703
600
647
706
645
719
647
707
717
693
729
681
717
758
695
787
690
704
703
705
744
671
715
677
655
705
579
674
621
603
655
575
645
554
591
625
530
613
517
553
564
519
557
495
552
522
507
579
483
535
521
471
571
461
533
464
512
527
465
559
455
509
529
467
564
455
505
485
485
557
463
527
483
485
541
478
507
493
488
562
461
557
493
487
591
483
585
526
563
589
543
653
512
627
609
594
697
606
692
651
679
717
677
734
746
719
745
768
740
749
773
799
779
797
815
803
827
789
821
850
837
849
849
871
864
899
875
917
895
942
970
979
1015
995
1039
1049
1079
1091
1106
1125
1153
1173
1152
1205
1210
1225
1244
1264
1289
1272
1301
1281
1318
1334
1323
1349
1355
1359
1329
1374
1356
1369
1379
1389
1389
1413
1408
1391
1431
1441
1429
1447
1443
1465
1440
1477
1444
1480
1495
1507
1517
1515
1545
1528
1561
1541
1556
1555
1587
1569
1589
1598
1563
1589
1603
1597
1603
1593
1619
1590
1631
1577
1608
1610
1593
1597
1593
1599
1569
1573
1549
1561
1549
1541
1536
1519
1527
1485
1503
1501
1487
1482
1448
1461
1421
1444
1381
1413
1407
1395
1363
1355
1371
1325
1345
1313
1295
1289
1263
1247
1225
1230
1177
1209
1181
1163
1149
1127
1117
1089
1096
1055
1045
1036
1009
993
964
966
919
931
900
887
863
864
852
815
816
759
785
777
749
733
724
725
693
717
670
675
666
660
653
630
648
621
628
592
604
589
594
570
566
571
549
553
555
551
550
539
549
521
562
515
538
552
553
543
557
555
535
583
573
575
588
597
605
607
617
588
625
635
635
653
635
665
645
683
639
688
677
697
697
704
715
699
735
741
741
769
773
795
790
823
777
837
840
848
855
873
891
893
917
887
940
949
948
952
963
979
959
997
987
1000
1015
1027
1038
1009
1043
1000
1033
1045
1039
1037
1044
1037
1032
1063
1023
1049
1049
1047
1053
1047
1055
1035
1057
1055
1042
1061
1051
1051
1041
1053
1016
1059
1055
1055
1059
1057
1064
1032
1061
1029
1061
1053
1055
1053
1044
1053
1019
1059
1035
1043
1040
1021
1021
1037
1020
979
1007
998
973
985
965
975
954
966
920
965
939
938
932
929
917
895
913
907
907
893
891
887
883
909
838
879
879
865
861
859
868
839
864
808
844
819
831
819
810
821
781
809
791
783
787
781
789
771
762
728
748
751
760
765
756
767
746
765
744
768
781
795
789
795
813
803
837
835
837
862
871
897
883
902
889
943
945
945
965
957
971
963
991
965
965
1002
994
999
997
1019
985
1023
995
995
999
1021
1004
1009
1025
971
1005
1019
1013
1036
1029
1037
1036
1071
1041
1077
1102
1107
1121
1124
1164
1134
1182
1167
1197
1199
1195
1223
1225
1237
1213
1237
1244
1245
1229
1220
1229
1194
1206
1155
1174
1165
1141
1129
1114
1109
1067
1093
1079
1069
1053
1047
1034
1026
1039
996
1037
1019
1007
1023
1015
1037
1013
1039
989
1037
1019
1021
1013
999
1013
973
978
987
955
973
953
959
927
951
872
905
901
893
888
893
885
857
875
833
857
849
847
835
845
861
816
837
837
831
825
811
827
799
823
763
795
775
774
762
769
762
716
733
685
703
710
679
680
659
656
612
657
629
610
613
601
595
584
591
537
567
566
557
551
539
553
539
545
515
535
545
537
535
540
543
507
555
543
529
518
541
535
513
533
485
514
527
505
507
485
509
479
491
455
480
467
473
475
470
472
446
460
455
469
465
465
471
456
481
443
483
489
493
491
485
513
483
523
493
512
515
534
517
531
539
534
566
569
550
571
565
573
569
598
563
606
605
607
607
603
636
614
644
621
641
638
645
647
653
686
655
680
689
685
692
695
705
703
719
678
729
721
729
724
730
744
735
749
725
757
763
751
773
758
768
735
777
775
785
775
793
786
787
809
757
805
805
800
797
795
820
779
822
795
817
823
811
821
813
817
783
811
803
805
799
805
798
791
803
765
781
785
779
808
779
792
763
808
770
779
781
783
778
781
781
769
781
777
775
785
775
781
785
795
745
791
791
765
788
768
789
773
787
753
788
778
781
775
789
781
761
785
785
776
779
784
800
789
815
743
799
803
804
789
793
803
791
818
777
803
811
810
813
815
819
801
823
823
837
839
837
856
840
857
833
863
864
869
885
875
897
881
911
889
910
911
911
900
893
923
885
931
909
917
933
926
927
925
936
913
955
947
945
965
955
984
973
998
975
1005
1011
1023
1029
1033
1049
1023
1073
1081
1085
1099
1101
1096
1095
1140
1085
1113
1134
1127
1117
1111
1137
1109
1135
1085
1119
1088
1101
1079
1087
1073
1044
1057
1047
1034
1033
1025
1039
1015
1019
976
1013
1005
1007
1006
999
1014
986
1017
984
997
999
989
989
998
999
951
981
979
954
945
937
938
923
923
873
895
881
857
849
833
827
802
814
771
762
743
735
715
699
706
651
667
657
620
621
601
582
585
574
515
535
538
519
517
499
492
473
495
445
465
468
455
459
445
465
429
449
433
451
439
441
436
435
445
399
425
433
419
429
409
421
391
440
393
419
410
411
403
403
417
373
429
425
411
429
429
445
436
454
421
443
465
455
485
459
505
469
503
485
518
505
525
530
541
553
533
563
577
561
602
597
619
603
625
587
636
645
637
653
655
667
647
668
660
676
667
685
689
674
685
661
681
691
691
692
697
701
679
695
654
695
693
693
677
682
696
682
704
675
685
685
677
685
685
693
656
687
673
667
683
667
670
661
675
640
664
665
660
642
653
661
640
651
636
645
633
658
641
635
648
605
633
641
631
630
628
621
621
623
584
619
632
621
629
624
641
617
637
611
635
633
632
631
625
642
608
647
645
632
634
640
655
641
653
615
649
649
645
651
657
659
641
683
645
667
661
673
661
685
669
661
690
697
687
711
693
717
697
733
675
716
713
733
717
731
744
725
764
744
761
767
764
767
781
789
761
793
797
803
811
801
821
811
841
787
843
833
936
954
1173
959
1044
938
1009
959
981
1023
941
1043
927
967
1013
975
1007
955
985
1019
940
1028
919
979
1039
941
1025
942
989
1001
963
1015
957
993
997
960
1045
951
975
997
967
1021
959
991
1055
957
1043
948
993
1055
989
1047
985
1011
1023
981
1038
1007
993
1063
955
1049
971
985
1035
981
1035
989
982
1051
935
1029
946
969
1037
926
1025
929
970
989
946
982
925
955
973
933
988
931
923
969
925
979
904
947
957
904
993
875
938
949
897
970
877
952
884
909
957
878
928
877
873
939
853
883
865
853
925
825
889
832
835
897
777
897
810
855
857
807
933
789
886
823
843
916
823
897
832
865
883
844
926
818
887
891
861
951
849
869
884
879
935
869
926
884
870
963
850
935
891
893
953
877
929
885
902
965
900
923
949
901
969
927
893
970
921
995
941
973
1033
930
1059
957
1019
1041
996
1095
980
1063
1025
1035
1097
1037
1073
1059
1039
1097
1045
1046
1079
1044
1129
1013
1099
1029
1036
1091
1005
1068
1050
1015
1077
995
1055
995
1019
1067
987
1035
1005
1007
1049
995
991
1013
985
1067
949
1029
984
973
1065
951
1028
963
985
1025
947
1035
925
973
1027
947
1002
937
961
995
920
959
909
939
957
909
984
883
914
933
875
960
855
933
881
881
945
827
936
859
885
913
853
923
843
865
884
837
873
887
831
916
829
853
906
821
917
833
881
845
842
903
807
859
901
811
902
821
863
869
845
875
845
847
905
811
893
841
849
909
835
899
833
877
889
835
897
831
847
919
827
891
839
861
912
835
885
845
877
903
852
928
829
875
885
851
925
863
870
939
839
950
840
893
955
859
957
855
925
923
901
924
893
925
935
885
990
878
923
941
897
971
905
955
918
926
977
860
977
913
917
985
884
992
881
949
954
897
973
891
955
941
937
957
913
938
953
923
979
897
965
955
894
1013
903
969
933
935
1001
886
1005
885
941
979
903
977
915
949
963
918
945
935
917
981
886
947
919
873
942
897
929
943
885
959
869
921
889
889
953
859
893
925
868
928
851
893
878
859
929
843
891
885
811
915
845
853
912
815
901
813
848
869
821
879
841
827
877
808
855
840
814
887
785
871
795
821
869
751
870
809
821
855
799
877
765
848
795
793
861
769
841
783
783
839
769
821
783
787
839
773
845
775
768
853
755
847
765
805
811
769
865
737
805
823
771
865
772
844
798
801
858
763
841
789
801
870
767
829
782
821
848
798
847
794
816
839
768
885
784
853
808
809
902
763
863
827
828
891
795
891
798
866
825
833
899
823
881
845
843
903
833
875
846
853
873
845
899
849
857
905
858
919
853
891
912
865
962
822
917
891
884
944
859
935
873
911
926
876
927
891
903
967
877
977
895
933
939
909
969
893
944
941
881
989
904
938
917
917
1007
869
981
879
924
987
893
978
884
953
941
921
989
893
955
935
918
993
903
927
931
933
947
915
939
942
896
979
872
917
950
884
951
889
917
931
868
967
853
917
897
887
929
877
865
906
873
933
869
893
901
849
957
821
921
887
865
961
847
939
852
891
933
856
935
851
905
885
881
893
863
879
907
857
917
863
861
923
823
901
869
861
944
832
923
825
880
918
833
928
841
879
891
864
873
893
872
958
851
937
883
889
976
829
949
857
905
925
868
955
859
901
927
868
921
877
889
947
872
913
860
917
922
870
956
845
886
909
847
931
867
905
881
879
937
841
907
917
876
939
877
901
937
897
924
869
923
939
893
972
886
935
941
890
965
891
931
910
902
964
863
957
922
889
947
876
933
929
903
934
869
931
883
895
929
896
949
895
888
961
863
971
865
921
955
869
961
899
921
939
913
955
875
947
893
901
979
871
948
879
904
934
887
917
884
886
947
874
937
867
879
936
864
957
849
895
889
867
951
811
907
891
865
937
845
917
864
881
909
837
921
857
863
896
851
894
830
868
877
849
904
837
873
899
798
919
822
873
839
825
901
805
861
869
803
877
831
837
879
829
867
821
851
871
809
903
809
859
849
783
905
802
856
841
814
902
775
875
807
817
861
805
861
808
806
843
793
811
845
795
832
827
795
890
749
849
805
799
885
787
864
781
822
851
769
875
795
823
839
793
825
789
805
821
794
871
778
845
805
773
854
781
861
795
805
851
768
889
758
820
822
787
865
763
861
763
810
838
779
829
793
780
841
785
789
813
801
832
781
819
801
781
874
740
829
779
783
859
783
807
817
783
867
768
813
813
790
856
775
809
798
795
847
753
848
783
779
861
730
841
754
785
806
778
853
723
804
806
772
839
763
804
788
779
805
749
785
791
747
811
759
763
829
729
797
775
745
825
727
809
728
763
795
734
807
727
769
799
738
779
725
756
763
735
789
735
750
773
698
795
703
748
741
719
811
673
768
719
733
775
709
765
723
725
739
704
754
752
714
779
709
737
751
694
789
697
761
722
731
781
685
772
722
729
795
719
787
713
753
775
734
775
751
749
793
755
757
803
721
838
733
798
765
759
843
711
832
759
793
827
774
845
781
803
793
785
845
783
817
843
785
856
789
811
847
797
887
783
857
837
797
872
806
849
827
841
876
813
891
811
839
907
819
879
827
848
890
853
865
861
835
905
826
879
874
819
916
861
858
919
831
921
835
873
895
831
929
851
861
893
842
913
863
865
909
853
923
843
883
911
824
923
885
865
941
842
932
863
889
905
861
921
863
887
920
873
931
873
895
919
865
949
854
931
891
852
929
875
918
881
885
939
856
925
875
885
966
853
921
889
891
937
885
911
886
885
944
883
915
917
843
957
852
907
890
875
939
851
925
859
869
950
843
923
866
891
921
852
911
857
869
903
845
891
901
811
936
835
889
859
848
920
821
903
803
849
875
822
877
827
853
884
829
865
818
839
884
803
895
813
826
841
819
881
808
855
821
815
886
765
845
827
809
865
801
859
803
833
853
779
863
796
832
853
790
853
777
843
817
801
853
799
821
841
770
874
783
853
797
801
862
763
880
763
824
853
783
869
777
841
811
809
873
779
823
811
790
861
793
781
843
791
833
804
793
887
739
839
774
795
853
763
837
765
825
801
789
851
774
815
812
795
850
783
768
829
785
852
791
809
829
766
876
748
829
801
779
865
765
826
757
789
846
767
809
779
783
837
763
795
776
779
843
769
845
759
769
855
747
854
764
813
786
778
847
749
828
801
783
879
758
847
789
811
829
779
831
798
797
856
795
829
808
793
853
786
842
797
808
865
757
863
789
818
865
764
876
769
841
813
795
883
791
845
822
821
885
813
845
832
815
875
797
865
850
793
895
806
854
839
811
902
737
879
799
809
893
807
841
864
817
877
811
837
871
819
894
795
873
845
795
881
818
879
845
833
907
809
872
806
835
889
821
870
849
843
903
820
868
829
849
909
821
905
823
845
891
838
881
849
846
909
811
919
785
867
897
817
905
827
873
885
845
903
822
881
861
849
901
845
847
893
842
903
851
861
928
819
926
815
872
909
829
922
822
899
863
861
919
837
891
877
840
901
843
840
923
834
921
832
865
897
829
937
791
889
854
843
906
823
891
839
843
902
845
877
880
845
897
847
813
918
827
874
859
839
918
803
901
807
857
910
824
897
821
869
839
849
886
825
857
895
831
893
856
814
914
818
889
829
853
895
813
930
786
865
882
833
916
813
886
847
855
905
817
905
835
865
873
836
875
837
867
917
849
918
829
883
895
833
915
853
899
851
859
949
807
933
843
884
899
861
922
849
887
867
863
931
849
905
907
871
945
865
869
903
876
949
856
917
888
852
962
837
933
869
895
957
853
953
821
902
917
875
937
853
913
883
887
925
845
919
870
867
923
869
903
865
874
915
853
945
851
893
921
833
953
857
906
854
870
927
843
937
835
882
924
846
933
845
891
879
877
930
845
881
902
859
909
891
838
947
845
933
861
886
939
835
941
827
877
903
859
896
867
886
923
837
897
873
877
931
830
923
860
865
901
866
939
843
891
899
841
951
815
921
875
887
937
855
935
843
901
925
865
929
874
893
923
858
898
863
893
937
858
937
854
875
944
822
951
857
909
881
876
933
828
919
875
877
942
846
941
861
881
895
851
918
895
872
937
870
879
943
835
951
848
905
919
865
968
832
917
881
875
934
871
909
879
897
913
864
895
913
885
948
847
903
917
844
954
862
911
894
861
951
845
929
879
891
937
869
943
879
894
929
853
951
874
905
927
869
939
879
873
915
875
941
845
905
901
838
957
845
908
885
861
959
843
933
848
873
933
867
905
887
874
949
863
891
887
869
941
845
914
872
857
940
863
901
861
877
909
847
901
848
855
897
837
871
899
843
908
857
849
911
841
929
816
879
875
833
937
824
895
841
855
909
815
917
809
871
909
829
913
825
885
837
863
885
815
887
854
843
891
827
867
854
822
907
818
861
853
845
903
797
853
872
828
907
806
879
846
844
877
806
891
829
829
872
829
855
836
851
881
812
893
795
863
879
777
897
800
861
824
835
887
795
880
800
819
879
858
955
1135
1075
941
1023
987
951
1022
921
983
939
928
957
887
969
883
914
949
875
925
906
877
942
859
935
843
885
919
831
914
841
861
883
829
887
839
833
865
793
865
811
824
841
809
857
803
799
848
795
878
785
827
835
761
895
765
849
811
793
867
769
859
735
809
822
779
832
768
807
821
782
801
771
787
817
745
836
745
783
795
768
841
747
788
793
749
854
706
815
785
769
845
757
827
754
797
797
762
825
766
793
840
753
805
769
796
797
768
819
744
791
797
741
826
746
795
771
767
859
717
829
747
775
831
737
815
757
780
793
773
815
784
771
847
749
821
794
748
841
751
823
762
783
829
749
821
759
777
837
744
807
785
781
817
741
823
765
773
829
747
808
781
753
813
759
820
749
807
787
761
858
713
821
797
783
845
762
823
779
763
839
756
789
797
771
850
763
765
801
774
834
745
807
778
751
860
704
811
769
763
837
735
818
729
789
835
727
829
743
794
811
763
809
739
785
763
768
809
774
757
845
719
837
739
793
809
737
855
705
806
794
761
829
747
825
762
788
797
749
821
759
778
815
765
816
773
759
823
751
839
747
799
809
749
825
757
803
793
763
856
739
837
747
769
825
750
792
792
760
0